0000000010111001
0000000100101011
0000000010111000
0000000100101001
0000000011000101
0000001001010101
0000000100101000
0000000011000100
0000001010111011
0000000100100111
0000000010110111
0000001001000110
0000000100100110
0000000011000001
0000000110001011
0000000100100100
0000000011000000
0000000111100101
0000000100100011
0000000010111111
0000000110001010
0000000100100010
0000000010111110
0000000100100001
0000000011000111
0000000110001101
0000000100101000
0000000011000100
0000000100100101
0000000011000001
0000000111100001
0000010000001010
0000000010110100
0000001110100111
0000000010110011
0000000100100000
0000000010111100
0000010000010011
0000000010111101
0000000110000000
0000000100101000
0000000011000100
0000000100100001
0000000010111001
0000000100011111
0000001101111001
0000000010111011
0000000111011110
0000010001111111
0000000010110100
0000001110111000
0000000010110011
0000000100011110
0000000010111010
0000010000101011
0000000010111011
0000000111011111
0000000100101000
0000000011000100
0000000100011111
0000000010111101
0000000110000011
0000000100101000
0000000011000100
0000000100100001
0000001101111001
0000001110110010
0000001101111101
0000000011000001
0000000110000101
0000000100101000
0000000011000100
0000000100100101
0000001101111101
0000001111001111
0000000000000000
0000000000000000
0000000000000000
1111111111111111
0000000000000001
0000000000000000
0000000000000101
0000000000001001
0000000000000110
0000000000000010
0000000000000011
0000000000000000
0000000000000000
0000000000000000
0000000000000000
0000000000000000
0000000000000000
0000000000000000
0000000000000000
0000000000000000
0000000000000000
0000000000000000
0000000000000000
0000000000000000
0000000000000000
