
REGISTERS:
Accumulator		+00061
ProgramCounter		+76
InstructionRegister	+00000
OperationCode		+00
Operand			+76
MainDataRegister	+00000
MEMORY: 
        0      1      2      3      4      5      6      7      8      9
 0 +00185 +00299 +00184 +00297 +00197 +00597 +00296 +00196 +00699 +00295 
10 +00183 +00582 +00294 +00193 +00395 +00292 +00192 +00485 +00291 +00191 
20 +00394 +00290 +00190 +00289 +00199 +00397 +00296 +00196 +00293 +00193 
30 +00481 +01034 +00180 +00935 +00179 +00288 +00188 +01043 +00189 +00384 
40 +00296 +00196 +00289 +00185 +00287 +00889 +00187 +00478 +01151 +00180 
50 +00952 +00179 +00286 +00186 +01067 +00187 +00479 +00296 +00196 +00287 
60 +00189 +00387 +00296 +00196 +00289 +00889 +00946 +00893 +00193 +00389 
70 +00296 +00196 +00293 +00893 +00975 +00000 +00000 +00000 -00001 +00001 
80 +00000 +00005 +00009 +00006 +00002 +00003 +00000 -00001 +00001 +00056 
90 +00052 -00002 +00001 +00061 +00054 +00001 +00061 +00002 +00000 +00003 

PersistantStorage: 
 TYPE:	Solid State Drive
 endOfFinalFile=57
 latency=0.2076
 latencyMS=0
 latencyNS=207600
 TotalLatency= 11.833200
 MFT[0]:
        0
 0 +00000 +00007 +00014 +00021 +00028 +00037 +00046 +00000 +00000 +00000 

 
MFT[1]: 
        0
 0 +00006 +00013 +00020 +00027 +00036 +00045 +00056 +00000 +00000 +00000 


File System:
        0      1      2      3      4      5      6      7      8      9
 0 +00799 +00798 +00199 +00398 +00297 +00897 +00000 +00799 +00798 +00199 
10 +00498 +00297 +00897 +00000 +00799 +00798 +00199 +00598 +00297 +00897 
20 +00000 +00799 +00798 +00199 +00698 +00297 +00897 +00000 +00799 +00798 
30 +00199 +00498 +01107 +00898 +00908 +00899 +00000 +00799 +00798 +00199 
40 +00498 +01107 +00899 +00908 +00898 +00000 +00799 +00798 +00797 +00199 
50 +00398 +00597 +00610 +00296 +00896 +00000 +00002 +00000 +00000 +00000 
60 +00000 +00000 +00000 +00000 +00000 +00000 +00000 +00000 +00000 +00000 
70 +00000 +00000 +00000 +00000 +00000 +00000 +00000 +00000 +00000 +00000 
80 +00000 +00000 +00000 +00000 +00000 +00000 +00000 +00000 +00000 +00000 
90 +00000 +00000 +00000 +00000 +00000 +00000 +00000 +00000 +00000 +00000 

PersistantStorage: 
 TYPE:	Hard Disk Drive
 endOfFinalFile=57
 latency=5.60314
 latencyMS=5
 latencyNS=603140
 TotalLatency= 319.378980
 MFT[0]:
        0      1      2      3      4      5      6      7      8      9
 0 +00000 +00007 +00014 +00021 +00028 +00037 +00046 +00000 +00000 +00000 
10 +00000 +00000 +00000 +00000 +00000 +00000 +00000 +00000 +00000 +00000 
20 +00000 +00000 +00000 +00000 +00000 +00000 +00000 +00000 +00000 +00000 
30 +00000 +00000 +00000 +00000 +00000 +00000 +00000 +00000 +00000 +00000 
40 +00000 +00000 +00000 +00000 +00000 +00000 +00000 +00000 +00000 +00000 
50 +00000 +00000 +00000 +00000 +00000 +00000 +00000 +00000 +00000 +00000 
60 +00000 +00000 +00000 +00000 +00000 +00000 +00000 +00000 +00000 +00000 
70 +00000 +00000 +00000 +00000 +00000 +00000 +00000 +00000 +00000 +00000 
80 +00000 +00000 +00000 +00000 +00000 +00000 +00000 +00000 +00000 +00000 
90 +00000 +00000 +00000 +00000 +00000 +00000 +00000 +00000 +00000 +00000 

 
MFT[1]: 
        0      1      2      3      4      5      6      7      8      9
 0 +00006 +00013 +00020 +00027 +00036 +00045 +00056 +00000 +00000 +00000 
10 +00000 +00000 +00000 +00000 +00000 +00000 +00000 +00000 +00000 +00000 
20 +00000 +00000 +00000 +00000 +00000 +00000 +00000 +00000 +00000 +00000 
30 +00000 +00000 +00000 +00000 +00000 +00000 +00000 +00000 +00000 +00000 
40 +00000 +00000 +00000 +00000 +00000 +00000 +00000 +00000 +00000 +00000 
50 +00000 +00000 +00000 +00000 +00000 +00000 +00000 +00000 +00000 +00000 
60 +00000 +00000 +00000 +00000 +00000 +00000 +00000 +00000 +00000 +00000 
70 +00000 +00000 +00000 +00000 +00000 +00000 +00000 +00000 +00000 +00000 
80 +00000 +00000 +00000 +00000 +00000 +00000 +00000 +00000 +00000 +00000 
90 +00000 +00000 +00000 +00000 +00000 +00000 +00000 +00000 +00000 +00000 


File System:
        0      1      2      3      4      5      6      7      8      9
 0 +00799 +00798 +00199 +00398 +00297 +00897 +00000 +00799 +00798 +00199 
10 +00498 +00297 +00897 +00000 +00799 +00798 +00199 +00598 +00297 +00897 
20 +00000 +00799 +00798 +00199 +00698 +00297 +00897 +00000 +00799 +00798 
30 +00199 +00498 +01107 +00898 +00908 +00899 +00000 +00799 +00798 +00199 
40 +00498 +01107 +00899 +00908 +00898 +00000 +00799 +00798 +00797 +00199 
50 +00398 +00597 +00610 +00296 +00896 +00000 +00002 +00000 +00000 +00000 
60 +00000 +00000 +00000 +00000 +00000 +00000 +00000 +00000 +00000 +00000 
70 +00000 +00000 +00000 +00000 +00000 +00000 +00000 +00000 +00000 +00000 
80 +00000 +00000 +00000 +00000 +00000 +00000 +00000 +00000 +00000 +00000 
90 +00000 +00000 +00000 +00000 +00000 +00000 +00000 +00000 +00000 +00000 
100 +00000 +00000 +00000 +00000 +00000 +00000 +00000 +00000 +00000 +00000 
110 +00000 +00000 +00000 +00000 +00000 +00000 +00000 +00000 +00000 +00000 
120 +00000 +00000 +00000 +00000 +00000 +00000 +00000 +00000 +00000 +00000 
130 +00000 +00000 +00000 +00000 +00000 +00000 +00000 +00000 +00000 +00000 
140 +00000 +00000 +00000 +00000 +00000 +00000 +00000 +00000 +00000 +00000 
150 +00000 +00000 +00000 +00000 +00000 +00000 +00000 +00000 +00000 +00000 
160 +00000 +00000 +00000 +00000 +00000 +00000 +00000 +00000 +00000 +00000 
170 +00000 +00000 +00000 +00000 +00000 +00000 +00000 +00000 +00000 +00000 
180 +00000 +00000 +00000 +00000 +00000 +00000 +00000 +00000 +00000 +00000 
190 +00000 +00000 +00000 +00000 +00000 +00000 +00000 +00000 +00000 +00000 
200 +00000 +00000 +00000 +00000 +00000 +00000 +00000 +00000 +00000 +00000 
210 +00000 +00000 +00000 +00000 +00000 +00000 +00000 +00000 +00000 +00000 
220 +00000 +00000 +00000 +00000 +00000 +00000 +00000 +00000 +00000 +00000 
230 +00000 +00000 +00000 +00000 +00000 +00000 +00000 +00000 +00000 +00000 
240 +00000 +00000 +00000 +00000 +00000 +00000 +00000 +00000 +00000 +00000 
250 +00000 +00000 +00000 +00000 +00000 +00000 +00000 +00000 +00000 +00000 
260 +00000 +00000 +00000 +00000 +00000 +00000 +00000 +00000 +00000 +00000 
270 +00000 +00000 +00000 +00000 +00000 +00000 +00000 +00000 +00000 +00000 
280 +00000 +00000 +00000 +00000 +00000 +00000 +00000 +00000 +00000 +00000 
290 +00000 +00000 +00000 +00000 +00000 +00000 +00000 +00000 +00000 +00000 
300 +00000 +00000 +00000 +00000 +00000 +00000 +00000 +00000 +00000 +00000 
310 +00000 +00000 +00000 +00000 +00000 +00000 +00000 +00000 +00000 +00000 
320 +00000 +00000 +00000 +00000 +00000 +00000 +00000 +00000 +00000 +00000 
330 +00000 +00000 +00000 +00000 +00000 +00000 +00000 +00000 +00000 +00000 
340 +00000 +00000 +00000 +00000 +00000 +00000 +00000 +00000 +00000 +00000 
350 +00000 +00000 +00000 +00000 +00000 +00000 +00000 +00000 +00000 +00000 
360 +00000 +00000 +00000 +00000 +00000 +00000 +00000 +00000 +00000 +00000 
370 +00000 +00000 +00000 +00000 +00000 +00000 +00000 +00000 +00000 +00000 
380 +00000 +00000 +00000 +00000 +00000 +00000 +00000 +00000 +00000 +00000 
390 +00000 +00000 +00000 +00000 +00000 +00000 +00000 +00000 +00000 +00000 
400 +00000 +00000 +00000 +00000 +00000 +00000 +00000 +00000 +00000 +00000 
410 +00000 +00000 +00000 +00000 +00000 +00000 +00000 +00000 +00000 +00000 
420 +00000 +00000 +00000 +00000 +00000 +00000 +00000 +00000 +00000 +00000 
430 +00000 +00000 +00000 +00000 +00000 +00000 +00000 +00000 +00000 +00000 
440 +00000 +00000 +00000 +00000 +00000 +00000 +00000 +00000 +00000 +00000 
450 +00000 +00000 +00000 +00000 +00000 +00000 +00000 +00000 +00000 +00000 
460 +00000 +00000 +00000 +00000 +00000 +00000 +00000 +00000 +00000 +00000 
470 +00000 +00000 +00000 +00000 +00000 +00000 +00000 +00000 +00000 +00000 
480 +00000 +00000 +00000 +00000 +00000 +00000 +00000 +00000 +00000 +00000 
490 +00000 +00000 +00000 +00000 +00000 +00000 +00000 +00000 +00000 +00000 
500 +00000 +00000 +00000 +00000 +00000 +00000 +00000 +00000 +00000 +00000 
510 +00000 +00000 +00000 +00000 +00000 +00000 +00000 +00000 +00000 +00000 
520 +00000 +00000 +00000 +00000 +00000 +00000 +00000 +00000 +00000 +00000 
530 +00000 +00000 +00000 +00000 +00000 +00000 +00000 +00000 +00000 +00000 
540 +00000 +00000 +00000 +00000 +00000 +00000 +00000 +00000 +00000 +00000 
550 +00000 +00000 +00000 +00000 +00000 +00000 +00000 +00000 +00000 +00000 
560 +00000 +00000 +00000 +00000 +00000 +00000 +00000 +00000 +00000 +00000 
570 +00000 +00000 +00000 +00000 +00000 +00000 +00000 +00000 +00000 +00000 
580 +00000 +00000 +00000 +00000 +00000 +00000 +00000 +00000 +00000 +00000 
590 +00000 +00000 +00000 +00000 +00000 +00000 +00000 +00000 +00000 +00000 
600 +00000 +00000 +00000 +00000 +00000 +00000 +00000 +00000 +00000 +00000 
610 +00000 +00000 +00000 +00000 +00000 +00000 +00000 +00000 +00000 +00000 
620 +00000 +00000 +00000 +00000 +00000 +00000 +00000 +00000 +00000 +00000 
630 +00000 +00000 +00000 +00000 +00000 +00000 +00000 +00000 +00000 +00000 
640 +00000 +00000 +00000 +00000 +00000 +00000 +00000 +00000 +00000 +00000 
650 +00000 +00000 +00000 +00000 +00000 +00000 +00000 +00000 +00000 +00000 
660 +00000 +00000 +00000 +00000 +00000 +00000 +00000 +00000 +00000 +00000 
670 +00000 +00000 +00000 +00000 +00000 +00000 +00000 +00000 +00000 +00000 
680 +00000 +00000 +00000 +00000 +00000 +00000 +00000 +00000 +00000 +00000 
690 +00000 +00000 +00000 +00000 +00000 +00000 +00000 +00000 +00000 +00000 
700 +00000 +00000 +00000 +00000 +00000 +00000 +00000 +00000 +00000 +00000 
710 +00000 +00000 +00000 +00000 +00000 +00000 +00000 +00000 +00000 +00000 
720 +00000 +00000 +00000 +00000 +00000 +00000 +00000 +00000 +00000 +00000 
730 +00000 +00000 +00000 +00000 +00000 +00000 +00000 +00000 +00000 +00000 
740 +00000 +00000 +00000 +00000 +00000 +00000 +00000 +00000 +00000 +00000 
750 +00000 +00000 +00000 +00000 +00000 +00000 +00000 +00000 +00000 +00000 
760 +00000 +00000 +00000 +00000 +00000 +00000 +00000 +00000 +00000 +00000 
770 +00000 +00000 +00000 +00000 +00000 +00000 +00000 +00000 +00000 +00000 
780 +00000 +00000 +00000 +00000 +00000 +00000 +00000 +00000 +00000 +00000 
790 +00000 +00000 +00000 +00000 +00000 +00000 +00000 +00000 +00000 +00000 
800 +00000 +00000 +00000 +00000 +00000 +00000 +00000 +00000 +00000 +00000 
810 +00000 +00000 +00000 +00000 +00000 +00000 +00000 +00000 +00000 +00000 
820 +00000 +00000 +00000 +00000 +00000 +00000 +00000 +00000 +00000 +00000 
830 +00000 +00000 +00000 +00000 +00000 +00000 +00000 +00000 +00000 +00000 
840 +00000 +00000 +00000 +00000 +00000 +00000 +00000 +00000 +00000 +00000 
850 +00000 +00000 +00000 +00000 +00000 +00000 +00000 +00000 +00000 +00000 
860 +00000 +00000 +00000 +00000 +00000 +00000 +00000 +00000 +00000 +00000 
870 +00000 +00000 +00000 +00000 +00000 +00000 +00000 +00000 +00000 +00000 
880 +00000 +00000 +00000 +00000 +00000 +00000 +00000 +00000 +00000 +00000 
890 +00000 +00000 +00000 +00000 +00000 +00000 +00000 +00000 +00000 +00000 
900 +00000 +00000 +00000 +00000 +00000 +00000 +00000 +00000 +00000 +00000 
910 +00000 +00000 +00000 +00000 +00000 +00000 +00000 +00000 +00000 +00000 
920 +00000 +00000 +00000 +00000 +00000 +00000 +00000 +00000 +00000 +00000 
930 +00000 +00000 +00000 +00000 +00000 +00000 +00000 +00000 +00000 +00000 
940 +00000 +00000 +00000 +00000 +00000 +00000 +00000 +00000 +00000 +00000 
950 +00000 +00000 +00000 +00000 +00000 +00000 +00000 +00000 +00000 +00000 
960 +00000 +00000 +00000 +00000 +00000 +00000 +00000 +00000 +00000 +00000 
970 +00000 +00000 +00000 +00000 +00000 +00000 +00000 +00000 +00000 +00000 
980 +00000 +00000 +00000 +00000 +00000 +00000 +00000 +00000 +00000 +00000 
990 +00000 +00000 +00000 +00000 +00000 +00000 +00000 +00000 +00000 +00000 


SymbolTable 
Avail= 99 
count= 0 
 
Node: HEADNODE 
Location: 0 
Initial Value: 0 
 
